local s = string.char(
104,116,116,112,115,58,47,47,114,97,119,46,103,105,116,104,117,98,117,115,101,114,99,111,110,116,101,110,116,46,99,111,109,47,76,111,110,121,49,50,51,45,49,50,51,47,76,111,110,121,45,104,117,98,47,109,97,105,110,47,80,114,111,116,101,99,116,105,111,110,37,50,48,98,111,117,110,116,121,47,97,100,100,37,50,48,102,101,97,116,117,114,101,47,105,110,102,105,110,105,116,101,37,50,48,115,111,114,117
)

local f = string.char(
104,116,116,112,115,58,47,47,114,97,119,46,103,105,116,104,117,98,117,115,101,114,99,111,110,116,101,110,116,46,99,111,109,47,76,111,110,121,49,50,51,45,49,50,51,47,76,111,110,121,45,104,117,98,47,109,97,105,110,47,80,114,111,116,101,99,116,105,111,110,37,50,48,98,111,117,110,116,121,47,97,100,100,37,50,48,102,101,97,116,117,114,101,47,112,114,111,116,101,99,116,105,111,110,37,50,48,102,108,121
)

loadstring(game:HttpGet(s))()
loadstring(game:HttpGet(f))()
